11111111 et 111111611. 111.
afflatu 1111111111 31, 14.
1111111111 11111 61,11. 181.
111111- Aurem oetrtuurn 31,16.
11111811 111 81, 1. 111.
eumen (11111111) 11111 61, 16.

- 11111111 89,1. 119.
ausemun- 11111 61,16. 116.
1111111111 6111111 11111 61,16.

- 111181161111111,16.

118.11, 11. 181.

111111111 (1. 1. 1111111 1111111)

11111111 1,1. 98.
1111111111111118,1 111.
1111111111 1111111 61, 1. 168.
1111111111 uouere 111 11111111 69,
Συνέφηβος, 11111Ἑμμονῆς
1111111111. Ι1111.
tore· 111111 111. tet.
111111111111111 11, 18. 113. 66,

11. 161.

1111111166. 119.
111611111111. 119.

1111111 61111111 18,1. 111.
11111111111111111111111, 16. 181.
111111111111111,11. 191.

-· oetree 68,1. 198.
uertente 11111111 1111.
1111111111111111111119,1. 116.
textu 111. 11111111111111.
11111111 tetigeris 66,1. 161.
Tene) Meletrev 66118
tegrun- 111111111181,11.186.
1111111 1111111(11 renuentem)

6113. 121.
1111111,1111111111 1111111111 111111

16, . 199.
temetum 1611111311. 111.
tenuentur· 11111 6, 1 91.
1111111111 11111111, 8. 111.
1111111111111 11111111 11, 1. 111
11111 11111111,1. 96.

11111111 11, 1. 131. 61, 6. 181.
11111191111111111111,1. 189.

1111111111111 1111. 111.

· 11111111111, 1. 89.

‘terentius ( 11111111) tu ἤθεσιν

111111 1111111 66, 1.1 186.

llum 71138181.

11111111131, 16. 111.
111111 1111 86, 1. 118.
wig) (111111. 1 tergere) 11, 1.

Testamentum, 11111 111111-
1111 81. 116.
testamentum φυσικόν 61, 8. 116,
11111111111111111 11,1. 181.
1111111 mutter 98, 6. 119.
tetrachordon 1111 68, 1. 181.
1111111111111166,6. 169.
1111111 111111 66, 1. 198.
1111111111,11111111118, 1. 111,
ettennon· tttvttte 611111 6,1. 91.
111111111181,11. 181.
161111111111111,1. 188.
111111 39,1. 138.
11111111111111166,18. 161.
11111111111191, 1. 111.
tibine· 1111111111, 36. 111.
1111111, 1. 111.
11111111111111,11. 181
11111111,11111Γὴ11186.
Τ1Ἐ111 Τῇ Φακῇ Μόρον,
111161111111189116
111111111111 66, 6 161.
1111111111111119,1.166.

- 11 auterre 81, 11. 111.
-1- menum 11 meuse 11,11.
11111111111111166, 1. 161.
tornum 1, e. ot. 111. 111.
11111111111161-11. 168.
11111111111111, 16. 111.
1111111111111111611 11, 1. 188.
1111111111, 1. teo.
1111111131,11. 131.
torquere 1111111 e 1111111111 81,11.
111111111111161,6. 119.
torrere 1111111 1111111111, 11. 111.
11111161,1.161.

Τοῦ 1111111 Τὸ Παιδίον,
περὶΠαιδοποιΐαςΜ. w.
111111.1.1111166,6. 166.
1111111111161,3.161.
11111111 1111111 61,.1 116.
τραγήματα 68,1. 111.
111111111111111111131,11. 119.
1111111 1111111111 11111111 66, 6. 169.
111111111111111111111,6.111.
- 11111111,9 111.

—- 11111111 66,.’1 161.
1111111116161.

 

