mium 1111111111.

pulmentarium 88,18. 188.
uultis 111111111111 81, 9. 188.
11111111111114,1. 148.
1111111 1111111111 81, 8. 188.
1111111111111189,1. 189.
11111 l, 4. 89.

1111111 nigritae 84, 14, 181.

-ὁθ 111111 umbrantur 14, 8.
orreum 1111111,111111111111 11·

geniem ω, 8. 881.
111111111111111 11, 81. 198.
1111111184,1. 110.
purpureum peristroma 11, 8, 890.
1111111111 88, 1. 110.
1111111111 80,8. 148.
11111111111188, 8. lii.
11111111 88, 1. 188.
putamen 84, 8. 181.
111111111181,81. 801.
pythaules 90, 1. 881.
quadrangulum 63⁹1· 188.
11111111 1111111118, 4. 94.
1111111111 1111188, 1. 180.

- 111189,1. 188.
1111111184. 180.
1111111111 88, 1. 118.

·- 11111 88,80. 818.
11111111 1111111111 111. eu att-

1111 6, 8. 94.

- 11111111181111118,6. 91.
1111111 (gerit. pro 1111111111) 14,
11111111 1111111111 81, 8. 119.

- 1111111111.

111111181111 1111111111 89, i. 118.
querquetum 14, 8. 196. ·

1111111 1111111111 magistrumn 84,
111 pro 111111181,1. 181. 88,

88. 881.
-1111111111181,8. 118.
Quinquatruum. 800.
11111111181111111111 11, 86. 101.
111 ι’. 1. 1111111 od finem 81, 19.
1111111111181,11. 808.
1111111111111ἷ1164ᾼ. 181.

1111111111 1111111. 181.
1111111 borbum 81, 8. 188. 88, 1.
ruffio 1111111 81, 8. 188. 98,

i. 881.

1111111111114.1. 108.
1111111111111, 19. 101.
111164,4. 181.
ruptor 81, 8. 1³³. ,
1111111111 1111111 88, 80. 818.
1111111111 ι’. q· promittere ii, 14.
111111111111111 1111111 89,1. 189.
- 1111118680. 881.
-54 aliquem 11111111 88, 10.
refrenare 11111 84, 14. 181.
111111111111164, 18. 181.
reiigione· et 11111 animis temere
8, 8. 91.
1111111111111 1111111111 8, 1. 91.
11111111111111 11,]3. 101.
11111. 711111118811. 116.
-11111140,8. 189.

“ rosires 11111111818. 181.

111111111166. 1. 188.

reticulum 81, 85. 801.

11111111 11 r'rr 1111111 11 81, 8. 118.

- praesepitur iorenriour

88,16. 116.

1111111111 1111114, 10, 198. “

1111111118, 1. 90

reveiiere 11111111 munus 14, 1.

reveretur (imponerent.) 1111111111
18,1. 808.

revertere 1111111 81, 84. 801.

reviviscit 1111111 1111111111 84, 8.

111111118815. 818.

1111818818. roi.

1111111111 11111111 68, i. 190.

ricinium 111111118810. 880.

1111111 mitrati, 18. 191.

rietur parvissimus 64, 14. 181.

rimari aliquid 111111 48,1. 146,

111111111111111184, 14. 181.

11111 roseos titt.

1111111111180, 6. 804.

11111 venerum 1111111111 complere
89, 4. 188.

rixare pre rixari 9, 8. 99. 80, 8.

1111111111111, 1. 800.

11111 toto mulierum iii, 18. 181.

1111111 1111111118, 8. 91.

1111111111184,14. 181.

rostro 1111111111 88, 81. 818.

1111111111 1111111111 11188, 18 180.
11,80. 198. 80, 9. 804.

 

