mm 11188181.

111111188,18.188.
111111111111181, 8. 174.
11111181, 88. 181
nt 1111111 11111111,111ρ1
Μ18η188. 117.
1111111 11111111 111111 88, 7. 888.
M τὰ 88, 14 188.
81111118, 8. 88
111111ρ11,ἡ88. 888.
81111111181. 117.
1111111111 1148,.7 148.
. Εὗρεν Hadia, Τὸ Πῶμα,
11ρ1Γεγαμηκότων88 m.
111111111 11111 11111111 11111 88, 1.
1111111ἑ3111111111 11 11111111 88,
11111111188,8. 188.
1111111 88,1. 188.
1111111111111174,.8 188.
1111811118. 188. .
1111811111111111 81, 88. 181.
1111111111 1178, 8. 888.
1111111111111181, 88. 181.
11118111 48, 8. 148.
8111111111.ο1184 188.

8111811111(51111111),81,44. 181.

1111111 11 11ορ 11111111 proprium
111111 88, 188.8 817.
11111111 8818. 881. 881. 188.

““ νᾳ.. ω, 91 '¹1¹0
:12:351 1188181131 98Ῐέ11
1111112111 (11. 111111) 11111111 1111
111111112111Ἒ1. 118.
1111111111 mem 11111111 88, 8.
1111118118188.
1111111111 11,84. 181.

- 1111118811. 188.
1111111111 (1. 1. do 11111 1111

opaciore) 1111111 88, 8. 188.
1111181111 1111111 11 psalterio 88,
1119111111θ1ο1111111181,48. 181.
11111111 11111181 1111111 11811111
1311113θῖ1. 888.
1118111111111811111111811188.
1 χειν νοῦν 881. 188.

ΕρωΣε,111ρ1Τῦκησ88. 188.

”Eme Πότε, 11ρ111ρ111 88.

188. F
1111111111 1111111 collocare 88, 81.
1111111111111 88,.1 188.

- 1111111111 11 immortalem
1111111188, 8. 188.
11111111111111 48,1.188.
111111 111111111111111111111111111
88, 14. 881.
φακή, ἦ88. 188.
famem 1111111 1111111111 87, 8. 188.
1111111111 11111888. 148.
1111111111 111111 8, 4. 81.
11111111 1111111 88, 18. 881.
1118118818. 1³4. 88,11. 188.
1111118111118,1. 188.
111 111111111111111188, 8. 818.
- 1111181111. 188.
ronna 1 1111111 7, 7. 88
1111111 1111111111 88, 18. 188.
.·- 111111 81, 17. 888.
1111111111111118, 1. 87.
11111 aurum (1111111111) 88, 1.

11114111 1111111 18,1. 188.

111811111111181,48. 181.
1111111 antiquaram, 1. 188.
111111 111111 88, 8. 818.
1111111111111 11, 8. 180. 18, 8.
111. 11, 11. 114.
1111111 11111111 1111111111 11111 88,
1111111 ἀπεραντολορία 81,48. 181.
1111111111 88,7. 884.
1111118,1.184.
111111118111188,11.881.
11111111 1111188, 18. 184.
φιλαργυρία, ἡ8. 84.
1111 1111111111 septentrionum 8811.
1111111811184. 81·
φιλοθέωρον genus 88, 11. 188.
1111111111 η 88. 188.
moveam, ἡ87, 8. 888.
118111111111 86,7. m
1111111111111 88, 88. 811.
finem 11111111 11111111 1118811. 188.
1111(111111111)88,8.188.
111111 11111144,.8 148.
11111111111184,1.118.
1111111 111111 86, 11. 188.
71111181111,111ρ1Έπαρ-

11818818819.

 

