254

11111111 1111113111. 133.
Mara 111111111Η11111111, 1. 91111,
1111111111 11, 4. 91.
1111111 1111111111 33, 3. 111.
111111110111111111) 32, 3. 118.
masculum (1111111111) 1111 111
1111111143, 11. 116.
1111111111 11111 61,6. 111.
11111111 12, 15. 161.
- 1111111111 21,1. 111.
1111111 11111111 11111131,111. 121.
cf. 31, 31. 121.
1111111131. 111.
1111111111ίί. 1. coctum) 11111121,
, 111111 1, 6. 91.
11111111, 1111 11. 111.
1111111111 aegritudo 31, 6. 111.
:calomentum (1.1. 11111111) 11-
11111 69, 1. 111.
1111111111 111111 11 1111111111
1111111111 16, 6. 162.
1111111111 16,2, 116.
11111131111. 118.
1111111111111168, 1. 191.
11111111 1111131, 1. 111.
1111111111131,Ι1. 131.
111111111111111111,11. 111.
11111111 11111111 61,1. 111.
1111110111111111) 6112. 131.
1111111111 63, 16. 116.-
11111111111 111111111 111111 111. 186.
1111111111 1. 11111. u, 3. 119.
1111111111111111 161.
1111111111111111186,1. 216.
1111111111 81, 2. 213.
11111111 1111111111 111111 63, 2 111.
11111111 1111111, mna 11111111 11-
1111116111. 161.
11111111011111111121. 91.
111111 1111111111 63, 4. 113.
11111111 613. 212.
1111111111 11111111 11, 1. 231.
1111111111, 11111161 1111111 21, 6.
11111111 111111ιί11 31, 6 11 1. 119.
1111131111111111111,11. 11.
1111111111111 61, 21. 211. 10,
1111111111, 11111111111111111 16,
11111111 cum 1111116111. 161.
μικρὸν 1111111111 11 1111111111 12,
11111111 11111111. 111.

mm mmm.

11111111 1, 1. 91. 81,11. m. 63,
1111111111 11111111 11111111 64, 3. 219.
1111111111 1111 111111 62, 6. 111.
1111111111 1111111111 13,1. 163.
111111111111111 1111111· 31, 1. 111.
1111111111 11ιί1111 31, 21. 121.
11111111 39, 6. 136.
11111111 aliquid aliqua 1114,6. 143.
14,1. 136.
1111111111 1111113111. 136.
111111111114,11. 131.
- 1111111111 iud.
1111111111 1111111 aqum 11, 6. 211.
- 11111111 11 aliquid 11,2. 111.
1111111111,π11111“1111 96,1. 236.
mobile (palpebrarum) samum 14,
11111111111121,2 109.
— lyra 11111111 63, 16. 116.

moldgstlibuz 1111111 111111 1111111161,

modestissimo 1111111661. 162.
1111111 11111 aliquid 33, 4. 129.
1111111111 56. 161.

1111111111 1111111111 51, 2. 118.
modulus 111111 66,13. 162.
modus 1111111111 16, 3. 162.
moechas adulescens 33,11. 136,
111111 1111111111 porcus 1,1. 61.
11111111 11 1111111 19,1. 169.
1111111111 64,11. 161.

 

μωμήσεταί τις μᾶλλον ἢ μιμήσε-

ται 64, 2. 181.

μονογὲροντες 69, 6. 191.
11111111 Persarum 6, 2. 91.

1111911111111121υ 111111, cavata gelu 111111 81,

morbi 1111111111ᾱί 31, 21. 121.
morientum 1111111111 1111111111 11111-
1111111,2. 116.

1111111111111,4. 196.

1111111 in 1111111111111· 11,2. 111.
1111111111111 1111 64,1. 161.
motus 1111 63,13. 116.
11111111111111111111 6611. 221.
1111111111 39,11. 136.

munerum 1111 111111 31, 13. 133.
1111111 31,8. 133. “
1111111111 1111111111 63, 11111.
111111 111111 11,2 111.
111111111111111111111111 38, 2. 211.
1111111111111111 89, 2. 211.
multiplex 11111111 3, 6. 11.

 

