111111 1111111111.

1111111 11111 (ἰ. 1. per mulius 1111-
nus) 32, 3. 128.
1111111111111111 csse, usquc
11111 29,1. 198.
mumius suneiisiur 1111111111 111-
ium, 111111 111111111611111,
1111111 s nuruis 1111111124, Ι.
1111111 111111 prassinus 44, 5. iis
11111111 'irriensis 68, 1. 199.
murinus 11111 63,18. 176.
1111111111182,16 213.
murmurari 32,2. im 95, i. 234.
1111111111 8, 6. 97.

1111111111 1111111111 scriptores 64,

mnam 11 Gratiarum numerus
69,1. 171.

1111111111 27, 4. iia.

1111111111. pciumucs) 1111111111
1111111111 2, 3. 90.

mutabiliter 16,1. 196.
1111111111 11111161,5. 174.
11111111 11111 scabunt, περὶ

Χωρισμου 57, 16611.

mystagogi 7, 4. 96.
mystagogi 68. 168.
11111111159. 169.

1111111111 pulvis 67, 2. 188.

Π.

1111111111 1111111111 31, 42. 121.
narium sepimine 84, 5. 219.
nasturcium 11111111 1116111111 111·

1111111. 184.

111111 secundans 54,14. 162.
11111111 csliibieniiarun 64,12. 181.
11111111 1111111111 53, 14. 154.
navicularius 79, 2. 192. ‚
111111111111111 53,14. isi.
1111111111 ἡδύπνονς 84, 5. 219.
111111111111111111111 31.11. 119.
necessitudo pru neccssr'ius 54, 14.
11111111111111111 (ι’. 1. 111) 71,

11. 193.
nectar 71, ui. 193..
1111111 pru nefandus 83, i. 217.
ii'egmiones duuc 11ς1111111ς11·

611111111122. 191.

11111 aegrotus 31, 30. 129.

- 1111111111 74,4 196.
usmetum 11111111 1111111, 1111111159,
11111111 11111 111111 44, 7. 143.
11111111 spicum 48, 9. 146.

11111111 (cccci. 1 1111111183, 1.

nervis 1111111111 63, 4. iiii.

1111111 11 1111111111 1111111111 63,

Nescis Quiri Vesusr 81111
1111111611. 119111.

1111111 reio 66,1. 185.

sirius puiiiis 77, 8. 291. .
- 11111 (ἰ. 1. frequens) 96, 5.

nigeiiss 1111116114. 181.

nigri 1111111 (11. uncti) 53, 7. 163

111111 cgere ii,9. ioi. 411, Ι. 141.
- 111139,8 138,

- insinere 43, 2. 143.

nimii 1111161291. 116.

111111174,12. 196.

1111 111111 anguiis 73, 2. 195.

1111111 1111111181,18. 296.

11111111 (ι’. 1. unius) 67, 3, iiiii.

’ 1111111111 54, 5. 157.

1111111 1111111111 21,2. 113.

11 Ν11111111, 111111 p. 238, 5.

111 pru 1111111131, 19. 129. 311, 5.
iii. 11, ii. 191. 36,1.·1111.
31, 12. 135. 39, 211 9. 138.

1111111111 31,11. 133.

1111111 86, 13. 221.

111111 (i. 11.-1111111111) 12,3. 195.

1161411111 32,1. 128.

111111111112,1. 99.

11111111 1111111111 1,3. 891

novus 11111111 31, iii 133. ·

’ nubes 111111 frigido 1111 11111 53,

1111111111 situm 924. 231. -

11111 ’1111111111 68,1. iiio. ¹

nugas iisri 84,1, 218.

111111 Pompilius 86, 8. 229.

1111111112, 7. 91.

numeris suis 1111111111 sissinium
ess060‚i. 171.

11111111111169,5. 191.

numerum 11111 alicujus 66,10. 185.

1111111111 53, 7. 153.

nundinum 37, 5. 133. 86,12. 221.

111111111112,1. 99.

1111111111 87, 2. 226.

111119111111 30, i. - 17.

- 11161111ὸί6.

niiiners iuiu 111111 59, 4. 169.

1111111111 11111111 24,1. 119.

11111111111112,1. 99. ,

 

