mu nmmum

6161661111 novam 6616 11611116 61-
66666616 31, 26. 120.
66616611 1166116691, 2. 226.
6161611611,4.100.

1166616111 69, 1. 190.

Hannibalis 6116161166 41, 1 111.
6616 14, 12. 196.
6616616 quadam 1666111116 111661
63,18.116.
6666161666 26, 6. 111.
16666666611661626, 1. 111.
11616116 99, 2. 229.

- 1166616668, 1. 190.
116116 30, 2. 111.

Heraclides 96111666 11, 2. 101.
11, 4. 201.

- Ι1116116666 11, 4. 201.
2616616113616161916166,1. 93. sq.
1161611166 6661111666 40. 146.
261661661666111666 41. 141
26166116 1111116 15,1. 106. 31,10
26166111 6666616, 2. 200.

·- 66611161ομ1 192.
1161666916 11, 6. ’201-

2661666666166666,1. 169.
1116161. 6. 6111161663, 6.- 163.

21661166 616116 69,1. 190.
mnarum 6116616333 129.
hilaritatis 66166 666116166116611
1111161661 61611, 2. 89.
1661611116 (i 6. 1611666666111161
66661611,1. 193.
11666 antiquus 32, 1. 128.
- 661166 96, 3. et 6. 220.
- 16116116 61 166111, 3. 193,
- 66666166 91,6. 206.
- 6116666 31,6. 133.
- 1116116 80, 6. 204.
- 16611661 63,12. 116.
266611 11166 66, 16. 186.,
6666166 24,1. 110. 82,19. 213.
1166161166 49, 1. 148.
666666616660, 1. 111.
1666166666166661190,3. 204.
66166 61161131, 3. 119.
6111166 611616 69, 1. 169.
11661161 66166 69,1. 169.
1161666111 16 1661111166 64, 2. 161.
66666661661611616 6212160
1161661116 1166111 86,11. 221.
1116616 1111661666 16166616 14, 9.
6666 niti 6616116 13, 2. 196.

391

61616 11111666 66, 1.
1116661666 9, 4.Ι ο 91.

unffi 66661616 6 6611616 96, 21.

1661616 6616161 16116166 31 36121.
- 6661116661616 ,11, 6. 201.

166161616661699, 6. 221.
16116611 63,1. 116.

Idem 61110666111142. 142.

1616616616 3149. 122.

1616116 6116616 aliquem 6666166
3134121.

1661616636163.

ignem 661616 16166 616616 39,10.
116111611161616,1.106.11,2
100 63,16. 164.
*1131ἐ611661613116611661116666161

11166 1161161166, 16 186.
imagines 16166 6661161616 14, 6.
1611166166666 231.

- 116661661661116116 16111.
16611166 litteris 6111161116 94, 3. 219.

169.

..- 11661111666111661616263.ι

1611111666 6661116661 169
1616111616 61661116166614,1. 196.
- 161611661161111116 632.

’163

61666166261. 113.
1611611616 116666 36,.6 131.
1-{0 666661 1616666162,20.
1616661666111182, 10 213.
166666161116616661631,36. 121.
1666111616 16166611 n. 6. 1111666616

“ 811119113Ιὶ

66666611616161611 92, 9. 213.
incolens 6616616 61611116 14,4. 196.
1666616661 1661 61,2 114.
1166116111 6161116 63, 12 116.
Inconstantiae 11166 6161666166 49,
66166111116116166.96,16. 221.
16 6166616116 11, 3. 201.
indigena 66,1. 184.

16 61616166366. 131.
11111611 (1161661161 31, 46. 121.
16116οο11616 16611663,1.116.
16166161 61,3. 192.

1661611 vomere 1116111 anunm 63, ,

 

