lm! mmm.

mmmmamm 1
. nummosi.) 11,1. 111. ’11111111111111

mmmmm m
11111111, 11. 111. 11,1. 111.

¹· ⁸ 111111 1111111 11111111 11111111
mmmm. mmm

11111111 11 1111111111.

m. 1. 1111. 11111 111 11111111 1111 1111111111 111111111 1111-
11111. ·
111.11.11.4.111111111111 1111111111111111111111111111-
1111 1111111.
111. 11. 11. 11 11 1ο. 111 111111 11111111 1111111 1111111111 111111
’1111111111 111111.

1111. 111. 11. moe 1111 111111111111.

111. 11. 111, 11. 111. 11. logo: undecunque 111 undicunque.

111. 11. 1111. &commeantum 111 111 11111111.

1. 11. 1111. 1111111111111111111 111 111111111111.

1. 11. 111. 11. 11111111 11 111111 11 11111 11111111 1111111111

1111111111

1. 11. 111. 19. 1111 1111111111 1111111111 ἐπισκώπτει.

1. 41. vonum 11111111, 111111 1111111111 1111111 11111 111111-
111111, 1111 11111111111111111. 11111, 1111111. 11111. 111111. 1111-
111 11 1111111 11111.11111111111 11111111111. ’1111111111
sn». 11111 nm 11 m'om Δύρας 11. 1. ot 1111111111
11. 1. 1111111111111111 1111111111 11111111 11111111111111111
11 Mammas, 11111 ’ame 11. 1., 1111111111Ἀμμον 11111111,
mol 1111111111 11. 4. ’

md. 1111 11. 111 1111 ox 11111111 Sangam 1111111 1111111 11111 111111-

1111 1111111111 1 1111111111 Vivere 11111 111111 111
11 1111 h 1111. m: 111111 11 111111. 1111111111
’ 11111 111111 1111111111 111111 11111.

1. 11. 111. 1111111111111111111111111111111111111 111.

1. 11. lb. monendo 111111 111 Adnue.

1111. un. 111111111111111111111.

1. 11. Ι11.’1.1111111111111111111111 11111111111.

1. 11. 1111. 15. 11111 Quinquatruum Quinquatria.

1. 11. 11 1111 111. 1. 11111111 {quamtum 1111 Tim 91⁰ EM 1111ι

1 11.
1. 10. 11 111. 111. 1. 1111111 11110111 lego: gzmtgn'n„ 11111 ’.111ρῶ1111
owe.

1. 11. 111. 1111111 1111111111 111111111111111111.

1111. 111. 11. 111 1111 111111 111111.

1. 84. 1111. 11. 111 1111 ex 11111111 Prometheo 11111111111111111111

1. 11. 11 1111. 11η1ι11111ῃιὶἒωῐ1μ11νςι111111 11111 11111. .

1. 17. 11111.11 11111. 1112411111161, a· Γενεθλιακης 1111. 1 111-

rigo 1111 111 1111. 18

 

