11qu 1113011151.

aquam 111111111111111 111111 53,
111111111101 minere 11, 5. 201.
11111011111111111111111 29,1. 116.
1111111111 61, 3. 188.
11111111 ’111111111,5. 201.
1110111111144, 1. 143.
1111111111 fugero 16, 2. 106.
ererum 1111125, 4. 111.
ererum 11. colum 86, 20. 221.
Aratus 39, 6. 138.
1111111111111111111111111111 14, 2
11111111126,1. 113.
11111111 colonus 1111111111 21, 8.
arcerem 1111111131, 11. 133.
111111111111180. 203.
11111011111111 52, 4. 149.
erdere poculis 55, 10. 162.
11110111 1111111139, 9. 138.
argenteria spes 1111112, 4. 91.
argeutum 1111111111 33, 3. 129.
Argo (111111.) currem 3, 1. 92
11111111 uenere 52, 21. 150.
Aristoteles 31, 11. 120. 81, 4.
Aristoxenus cibarius 63,10. 116.
1100111111 humore 11111111 14, 9.
1101111111 mori 14, 2. 196.
11111166, 1. 185.
erma margarito 1111111101 25, 2.
Δ111111111111111111119. 99.
1111111111 31, 26. 120.
ἆῤῥενότης, ἡ 92. 232.
11111111111111111111,9. 96.
errem inertem expromere 63, 6.
aruspex 1111111 923 231.
111111911101111111 68,1. 190.
asparagos 11111150, 1.. 118
1111111111 capere) e'br'd.
111111111111111111 porrecte 11111111
39, 6. 138.
1111111 caeli 11111153, 15. 154.
1111111111 53, 19. 154.
Arrunte 55, 6. 159.
,1111111111 111111 1111111111 31, 1.
111111 1111111111 15,1. 106. 31,
11111111 111 Herculis 11111 secu 31,

243

rure 1111 11011131, 43. 121.
11111 ulvius 011111 8, 2. 91.
111111111911111168, 1. 190.
11011 luem 011111 ’11111111 111181,

4. 226. 0142. 142.
Aulucuriurrl Musarum scriptores 64, ,
1111111 philosophiae 11111111 veritae

31, 29. 120.

Aureus 80, 6. 204.
mingere 1111111111 extimam 11111111

88,1. 221.

10111111 111111111111111111 cretionis

1111111118, 1. 168.
occupari voluptatem 11111111 38,1.
aucupum 11111111 11, 4. 100.
1111111111 90, 3. 229.

1111111111 1111111 82, 14. 213.
augescere 81, 2. 226.
Augure κόπρον egere 11, 1. 100.
1111 1111131, 32 120.
11111111111111111111 ponderare 11,
aureae 11111 1111111153, 16. 154.
aureas 11111111 egere 48, 4. 146.
11111111111181, 19, 206.
auree 111111111111111111 41, 2. 141.
ι- 1111111111111112, 2. 90.
- 111111 11 ceturae 31, 48. 122.
11111111 voluptatem aucupari 38, 1.
1111111111 56, 14. 162.
11111111 cavere 11111111 06, 9. 185.
Aurorae supparum curtinum 30,15.
aurum 111111111111 25, 1. 111.
1110111101 52,1. 149.
autumnitas 80, 2. 203,

- 1111111111,1. 201.
1111111111 11,6. 100.
11·1111111111161,1. 113.

111111 11 1111101 more 52, 2. 149.
111111111111153,11. 154.
ἀφροδίσια, τὰ 94. 233.

bacchar! 31, 21, 120.
1111011163, 13. 116.

Beroe 10. 99.

barcam 1111111 31,· 5. 133. 56,1.
1111163, 5. 115.
1111111111. 111.

111ιὶ111111 1111111111 44, 5. 143.

 

