11111 11111111.

66666161166611. 116.
6616666611, 46. 111.
166666661611. 111.
616666 mansum 11, 1. 111.
uem· 1, 4. 11.

- 16666666 16 monto Antis
61611616 64,11. 111.
6611166616661411. 116.
signnm 41, 1. 146.
6166666 6661616 1, 11. 16.
6116666 11, 1. 111.
6111666616166616666 66,11. 161.
616 11, 1. 111.
61166161 6666 61, 1. 116.
616616666166 16,11. 111.
simpuvium 10, 6. 111. ,
mulacrum loomin 66 lum 61, 1.

’ 116.

6166666 66666 61666166 11, 4. 111.

smaragdos 64, 6. 111.

1666616616. 11. 16, 6. 111.
11, 1. 111.

66161411. 141.

6611161666 habere aliquem 16, 4.

noun, 6661666116 11, 1. 111.

solvero 61666166 666616 11, 11.
- 61666166 16 166161 11, 1.

somno 6166661616666166146. 116.

somnum· imagines 1611.

666666161661661,11. 116.

6661166 6666616666 11, 16, 111.
- 161666 166666 11, 16. 111.

666666116, 1. 114.

unarum 66,1. 161.

6661616 6666616666 61, 1. 161.

6666166 16666111, 41. 111.

66661666 ἰ. 6. probare 11, 11 111.

- 6166111666 ι’. 6. 6666661666
6661. 11, 1. 161.
6666616166 6611666 animun 11, 1.
66661666 16611666 6611161666 61166166
--’ 66111616 1, 6. 11.
6666 6661166666166161,4. 11.
6616161661. 114.
6616666 nequam 41,1. 146.
66166166 61, 1. 161.
6616661611, 11. 111.
6661661666611,11. 111,

- 1661611666166 im.
6666616161611116 1114. 111

666666 16 66 vu 61661 θ,1
6666166 666 squalor 61, 6. 161.
6166166666666616 116 111.
61666 11611616 prium, 61 hu·
16666666111. 11.
6161666 auraria 66666666666 666-
666 6661166666 11, 16. 111.
statuero 16666666· 61, 11. 161.
stelligerae 66166616 616611, 16. 116.
616666666666666661,11. 111.
- loetum 61161 161.
stimulari sequenti conjunctivo 6166
6166116616 11,11. 111.
61661666661666 161666 strunt 61,
616166166666666166 1166 111.
6161611, 116111. 111.
—· ὁλοπόρφυρος 44,1. 141.
16666666166116,1. 111.
6166666166666 61166666 61,4. 114.
6166166616 66116666 16, 11 111.
strigile pro strigilis 11,11. 111.
6666116611,1. 111.
61666616 11, 16. 111.
strues 66611616 161666 6166166 Q
6661666 (absolute) 11,1. 111
6666661666611, 1. 111.
subducere aliquid s 66. 6116666161)
61, 16. 164.

- 61661611661.11,1.111.
- 6666661116 11, 1. 111
66616616 166666 alicujus 11, 11.

6611616661666,1,6. 11.

6666166 de 6666116 64, 14. 111.

6666611161. q. 66616 61, l. 111.

666166 6661116616616 11, 1. Ι111.

661661666644, 1. 141.

6666 61166161 61, 1. 116.

aufugerem gabalum 6, 1. 14.

66166666666661116611, 11. 116.

sufflatus 6666 aut 6661161161 6616616
1, 6. 11.

suffundam domn 16611666161661
61161611. 111.

sugens 16616 mmm 6666611,

maguum 666166 6116661416. 146.

661614,11. 111.

66661 genet. 666 66166166 11, 6.

*superare 6666666 11, 1. 111.

66666611666616666 11, 1. 111.

 

