colligere 6661 meroem 6116166616
66, 22 221.
collucere 1611616166 6161111666, 21.
661166 procerum, levi 6161111616
ficium 6416. 161.
66666 6666616 611666 62, 1. 216.
color 6611611611 14, 6 126.
6616616661,22 120
66166666616611611661116·
47111 15,105. eq.
6666161666661,46. 121.
- 6161111666 56, 7. 162.
6666116666 56, 16. 162.
666611 54, 2. 151.
66666166 66, 2. 220.
6611161 66, 20. 116.
6666611666616666116611,11. 101.

cozumlffic 6666616 666 661616 21,

6611166666 1611 10, l. 02.
oorIuffiuue 1166616 61166111 12, 2.
communie 6161611621, 6. 114.
commolere 61661661 66, 2 115.
comper 11666 66, 1. 165.

'- αὕη. 81, we me
6668116666 16661 66111116 66, 4.
6666666664 16. 616 66, 5. 211.
6661111661 61, 1. 166.

6666111616 61, 1. 116.
666666661614, 0. 106.
concursare 52, 6. 162.
6661166616 1616 66666 56, 14. 154.

- 6666166616665216. 150.
66616616 silicernium 55,11. 152.
666166166 66,12. 221.
6661616652,4.150.
66ἓ166213666 iuuencum 661666 61,

-661116161616166 66,15. 166.
6666661616 66, 5. 161.
6616666616 161166 52, 2. 142.
coumurmureri 64, 6. 161.
6666663616 66166116 1616166 25,
6666666111616 6116611 ulique 16 56,
12. 154. 15,1. 106.
conuolare pro concolori 62, 1. 115.
66666660661. 24.
”affare nourrii 11666166 60, 6.

6661666116 elicuere 66 aliquem
11,4 20l.

iilullx vulluullllu.

6661166616161,6. 166.
*convenil ueu 56,16. 162.
conuiuarum 66166166 julius 611,1.
66661611 16161666 64, 2. 161.
6666166111 661161 61, 4. 166.
661166 61, 6. 119.
corrue i’lrryglue 31, 61. 121.
66166166 11116660, 4. 204.
661666 ex 6616 6116611611 16116111
61,15. 120.
661666 celtice 62, 6. 168.
6616616116 cortex 66, 4. 221.
corporis ouuu 661161 61, 6. 206.
661111166161661652, 21. 150
6616116666,4.161.’
cortex 6616616660 6661661666
cortex.
cortex supernus morientum 61116-
11166 6111611116 14, 2. 196. ’
coruscus imber 92, 4. 231.
66161616166616 61, 24. 201.
coerce 16661161 ceurlgu 66, 1. 220.
cothurni 95, 10, 234.
6616161661, 16. 206.
01660166611661661111111.106.
(tresel 6161116 61116 6, 2. 21.
crocei 66666 62, 12. 216.
6161116616 mulorum 1611 69, 6. 166.
616661661661659, 1. 162.
6111111111 66666 6666 carlile uue-
6661161611,11. 101.
011166 95, 10. 264.
cruore iuvere 61616111 aggerem 25,
61611611 puriores 66, 16. 221.
61661116 66, 21. 221.
cubiculum 11666116 poliuere 62, 10.
6616116 61666611, 6. 201.
661166 6666661616 modulus 61166
56, 13. 162,
6611666 66, 26. 221. 016116.
66116111 6 1111666111 1611611611 61, 14.
66116166661116116 15111.
cum - et 6151· 1616661661 16,1.
cumcuicciicee 60,1 117.
cumiuum verul 11116116.
66666166666644,4. 146.
666116 66116 eceli 61116116 61,1. 200.
6616666616111116166ομ4 117
curu Deorum 666 ceneracici· 161·
66611666 16,1. 101.

 

 

