1011110 0010 52, 10. 150.
1001010 (de tibiarum modulatione)
00, 1. 111.
1101131, 2. 119.
fluctuans, 1010011 0001 ³¹, 46. 121,
10010110010144,1. 143.
··· 001101 1111 30, 4. 138.
- 0011111 21, 2. 100.
- 1001113124. 120.
1011110 2, 3. 00.
1011 1001010111000111 30, 3. 111.
1001100101 66,0. 185.
1010001 11000011, 8. 201.
- sanguinis 10001 10111101
1001110 60,4 101.
10111 1001010100 1001101001 00, 2.
1011101011110 1010128, 1. 1¹6.
10101001 1100011101 11, 6. 201.
- 11110110110110 51, 1. 140.
forem 1110111 01οιοη 31, 15. 134.
10100101 31, 44. 121.
10100110011010110 63, 16 116. ,
101001010010110011111 0001 36, 2.
1011000 54, 3. 151. 83,1. 211.
110001 10000010 36, 5. 131.
1111000 aquilonia 16, 2. 106.
11111110 (11111) 63, 2. 115.
111110101οιοω (ventorum) 53, 13
11111011111163, 11. 154.
111010101101011, 11. 121.
111101 coloro 0110010 14, 0. 106.
1111001011000111 05, 2. 233.
11001 1110101110 0000011001 11, 1.
1100100 0011010100 0111111010 31, 1.
1102οἑ011 2191111011.) 55, 1. 150. 36,
110000 53, 2. 153.
φθορὰ κόσμου, ἡ u. 143.
1001100 1110110661. 186.

101ἑο111ὲοῆι111010 0 1010100 011110,

10110 10101011 0101010 86, 4. 220.
101000 ot fulgura 10, 3. 102.
101000 1111010 63, 18. 154.

- 01101000 0111010 11, 2. 100.
10100011 100100 1000110110. 2331.
10001 000001010 52, 2. 140.

- 0010001111 55, 11. 150.
- 1011100000 110.
101110 31, 43 0145, m.

nm! mnam.

11111016,1. 04.
1101101031, 38 ot 40. 121.
01111, 00501011010111011131, 36,
33 0140. 121. 63, ’1. 116.
0111101 oona 14, 1. 196..
101101010164, 1. 131.

- 1161000001 0001101100 63,

110000015313. 162.

ganeum 81, 0. 206.

1011110000 60, 3. 101.

11110101100011, 3. 103.

gelo pro gelo 81, 21. 201.
gemmeo 0011111010 25, 2. 111.

1111131ιο131 8. 01.
1110111ιο0 v 1111001010 00, 4. 231.
genunt 1, 6.. 05.

gerere 0010000 31, 15. 120.
Γερονο06ι3001010031. 133.
gibborum 0000131, 14. 110.
ssflvufl 63, 13. 176·
11010182,1. 212.

glano 11110110108,1. 100.
11101101110103010033. 136.
Γνῶθι Σεαυτόν 33. 131.
11011011οι11 61,1. 161.
gradum 01000111015,1. 130.
1111001011111166, 1. 161.
1101100 51, 1. 161.

grallatores 15111.
11001101011001,11. 134.
0100100110100,4. 231.
0101101001 01 1110101010 00-
00101601. 111.
110111101111010111, 1. 200.

- pro 1001101 31, 18. 134.
110111101010064, 1. 181.
0001110101068, 1. 100.
11011111010011,1. 80.
10101111011101063, 13. 116.
101001000166,16. 162

gulae mansionum 011100 11,3. 100.
gustaro vinum 30, 5. 111. 56,15.

10001100100111140, 2. 146.

habenas 11110 36,5.. 131. 44,8 143.
1111010 commune 0110010 12, 2. 104.
- 10011110 oo 11101 1001010

55, 1. 150.
- 1011101100 aliquem 86,4. m

- sympathiam 0006001060,
0310113130οωοὼ 63, 1. 100-

 

