11111111 um 11111111 41,8. 141.
nutriamur 14, 8. 198.
1811111111111 alicua· 8811. 188.
mmmm· 84, 8. 181.
1811111111111111111888884.
mmm (l 1. prmo-iro) 81, 9.

119. 84, 1. 818.

18111111 88, 9. 184.

8111111111, 1111 Nollem}-
m 81. 118.

1118111111 81, 48. 188.

mulo· 11111111 1111111148, 8. 148.

81111111 11, 18. 181.

8111111811111188 118.

1111111,οιιιι 88,1. 118.

oleum 111111 (11. vermo) 88,

oleum 11111811 8,8. 98.

11111111 11111111 88, 8. 111.

1111 quondan 81, 11. 818.

11111111 88, 8 181.

111111 1111111 1811111889. 188.

ὁλοπόρφυρος 11111 44, 8. 148.

olma 11. 18.

1111111 1111111111 malon 81, 1.

111111 om 81, 1. 818.

’01118811188 118. σς. ems,
18. 118. 81,4. 888.

111111 11111181,4. 181.

operm 11111111 81,8 118.

11111111 11 clepere 81, 1. 118.

111111 1111111111 osso 11, 8. 188.

1ρῦ allg- 11111. pr· 111111. 14,

oracla 1111111, 11111181, amn 11

1111118111 88,1. 189.
orbitus 111111 88, 8. 188.
orclem 88, 1. 881.
1111118111 1111111111 14, 1. 198.
11 nvom 81, 48. 181.
1111111111111118111181118),8.884.
1111111111 11111181. 81.

mm 11111 89,8. 889.

·- 1111111888. 818.
mnu 888 18). 89, 8. 889.
ulmum 1111111111 Amne 81, 18.
οὖτὴκοτε 81, 1. 118.
ovo 111111 (ἰ. 1. mdo) eoem

8111111111 81, 4. 118.

11111 vanem.

lamus, 111111 111111 1111148, l.
8111ξέ11811 libellulus 88,14.
mla 11111814. 114.
παιδοποιΐα,ἡ 98. m.

11111111 1111111111 88, 8. 889.
81111881. 811.
mummulus 88,8. 188.
1111111111 811111.

- λ11111111 88,18. 881.

··“ (mem ω, ⁷· ¹62

11111111 Aemus 88, 1. 199.
1111111111 producere aliquem 88, 88.

malm 11111111 calliblephara
11111111 84,18. 181.

1111111 88,1. 181.

munla 11111 88, 14. 184.

mammons 111111 98, 4. 888.

1111111111 8111111111 88,8. 888.

Panlo 88,1. 811.

Panlo 81111, περὶ ’Erum-
1111184. 181.

8111111111 1118111111 88. 184.

papyri 1111111 ollium 11111 11,18.

pareo puroque vivero 88, 8. 818.

parere (ι’. 18111111) docum 11111-
111 89, 4. 188.

palens [1111111118 88,18. ml.

11111111 111111 18, 1. 888.

mae 1111111111 8, 4. 91.

8111111188. 181. 11.

purvulos 81, 1. 818.

lammae 11,18. 181. 18, 1.
188. 81,18. 119. 81,86. 181.
88,81118. 188. 88, 9. 189.
lm 181. 88, 1. 111. 88, 8.
118. 88, 88. 118.

1111111 88,14. 188.

,mle-mm 8, 8. 98.

panuh (gm'l.) 1,11. 88.

panum 1111111111 euplus 1181 clere
11,18. 181.

1111111111 111111 84,14. 181.

mem 1111111 81, 18. 184.
- 1181111111 111111 1111111181,
18. 888.

pascere 11111111, mmmm 111111
1111111888. 881.

putaminum, bipennis 88, 8.

188.
11111188. 81.

 

