1100000010 11, ii. 100.
1100100000000100 88, 81. 818.

’ 111000 0101111000 011110010 81, 1.

111001110οω11111,1.110.
Το10010000181. 880.
tricliniares apothecae 80,1. 111.
Tpaoditnc 1111001101, mi
ἍρετῆςΚτήσεωςΜ. 881.
11100100 (0100110180, 1. 181.
1110101001οι 0001000001οι 80, 4. 804.
1110110 01001100 88, 8. 88ίῖ
1110010001 101000 11, 8. 100.
10101010Ιο1000 Lumo 88, 1. 188.
Τρίφο1101,περ1’11(10006-
01100188. 888.
10000101181. 101.

00011111. 01000110011001111111.
00611010 τρόποι 11, 88 101. ef·
11119101.
1100001181, 4 800.
'ow' 0111000010 011001 11 , 8

1001001010 08, 10. 104.

1011100 011 10100 1101111000 00, 0. 108.
- 1001106110. 181.
1001000 01001 00, 8. 108.
10010010 48,1. 148.

. 10010010 01, 8. 101,

10111011, 8. 800.
1011101180,11.881.

’101000 0001101 11, 0. 801.
ruffini, 11000, 0111100110 41, 1.
1010 pro 10 00, 8. 101.

80111100, dea 41, 8. 141.
1111000 81, 80. ι1181.

nicromantiam. 118.
1111100 81, 80. 801. 81,81. 180.
:ianuamianuaim 118.
01010 80,4. 888.

0011110 0001 64, 4. 181.

00111010 14, 0. 180.

00110 1100000, 0001010 08,18 104.
001100 001000 000110 80010100 48, 4
0011100100 80101100 81, 48. 181.
0010100 01001000 iii, 8 180.
000001100υο 01, 1. 188. 11,81.
0111011010 80,18. 881.

10. 00, a. 000.
000[000]10011000,10. 108.
01 0101001111 81, 88. 181.

0101100-011011000 04,8. 181.

110010110110010010 0111101001
plurimum 08,Μμ11’0.

011 0001000011101001001 080181.

011000 110 [10011000 00000 0100-
1100110110110 11, 1. 881.

0001101000010110010010110 80, 8.

00111101οι0 80,4. 111.

000110 0101010111 0010010 88, 10.
13³· vitium 001 10110110οι 001
1010011010.01118,1. 108.

0111010010 00111111· 41,8.1111.Ἰ

0011ξο1100200131410.180.

0110110101011011,18. 104.

”m 00110000 00000100 81, 0.

. varro 03, 0. 000.

0000 0011000 80, 18. 881.
00011100 10000111011014,4. 180. ’
000111010084. 100.
vogen lyram 08, 18. 110. ι
001010 ei 1110100888. 100.
00111 gradu 10101111 00, 1. 101.
- 001111011101.
- vehiculo 81, 11. 188.
0011100 10000 0, 4. 84.
0010111100 0100111110 000010 00, 8.
velum 001010, 1110111010 0011101001
0810. 104.
00001010 0001011 0000 08108000
00 0 110.
10011001 1100010 1001101010 01, 11.
00110100 11100 10000100 00001010
0000110 1011010 aliquem 8811818.
Venerin 0000110108, 8. 80.
- 111000 1011010884. 108.
- pienum 0000 81, 48. 188.
- 10011000101181,1. 880.
00001100 01101010 08, 1. 108.
00111110Ἰ 10 0001001100 aiicujus m'
-· 10 1100101081,18. 180.
- 10 0000111010 00011 01100001
0011. 100.
- 0000100 011 000010 ¹⁸3¹·
01101001 04, 4. 181.
- 0011101008,0.181.
00011 in 001001 88, 8. 108.

 

