111111181,88. 181.
11111, 11111115Ιῖ 8111111111- 1111

58,17. 1 .

11111111 1111111881. 881.
1111111111111111111111161,8. 188.
1111111181 174.
11111111111181. 80.

- 11111 111111 111111 11, 6.
- 11111111υ111111181111

86, 15. 188.
mu 1111111111 1111111 1111-

111111111111111,85. 188.
1111111111 111111 11 frumen 1111111111

88, 8 158.

1111111 1111, 1111111811111111111

1111111181,88. 188.
vomitum! 111111 86, 14. 881.
11111111 mu 111111 11, 15. 101.
1118161161187, 1. 111.
1111111 1111111 aliqum 68, 8. 176.
111111111111181, 18. 188.
munium! 4111 8, 5. 81.
11111111 181111111111111 8 6. 81.
1111111111181,41. 181.

- 1111118118. 818,
1111111111 ὤ, 1. 184.

11111111 1111111111 81, 46. 181.
11111111111111111,8. 88.

1111 1118111111 11111111 81, 16.
vitandorum 81,1. 806.

- 111111111181,8. 886.

- 1111111167,1. 188,
mla· 1111111 1111111111 88, 11.
111111 em 888.

1111111188, 8. 188.

m 1111111181, 8. 818
1111111111111158,Ἧ. 150.
1111111111 87, 8. 118.
111111681111111111111 11111111 8810.
16111(1’.1.]1111ι1)11111 85, 5.
vinam, ml Ἀφροδισίων

81. 888.

11111111111111 86, 84, 881.

- 1111180, 4. 117.
mor pro 11ιυί1111168, 11. 176.
111111111151111 85, 6. 111.
vuar· 1111111 aliqu 11 7, 4.
111111 11111111 86, 1. 181.
111131111111 88,1. 888.

1111 'mulss-

1111111611 80, 6. 111.

-911 ἔξω phun 1111 81,
1111111111111 80, 4, 117.
11111118111115815. 188.

- 1111111181,18. 180.
1111111 55, 6. 158.
1111111111 8, 4. 81.
11111 11118188. 80.
11111111111111185. 888.
1111111111. 1 1111111.

11111111 111111 1111111 56, ll. 188
111111 veretrum 58, 8. 158.
11111 non 11111 1111111111 1, 8.
-Ξ 11111888111111111 18,
11111111 1111111111 11111 81, 7. 886.
11111711. genitale) 86, l. 888.
1111111 11111 1, 8. 88.

- (11.1111)11111111166,1.
1111111111180, 7. 801.

-1 11 111111 111111 1111 88, 4.
1·1111111111185,1. 180.

- 1111111111 5818. 188.
viminu 11111111 111) 111111 87, 18.
- 111116111111161111111111-
11111888. m.

-1-9111 11 111111 dian· 88,8.

111111118111111111111 51,1. 118.
vitium 111111 1111 1111116111 111 111

11111111181. 108.
1111111 11111 56, 8. 168
1111111110, 8. 188.
vivere 11 1111111111 11 1181 14, 18.
1113131161. decimu alique· 58,10.
1111314111, 1. 111.
11116111111111118,8. 80.
111111 1111111511111 63,15. 116.
1111111. 111. 111. 111.
volabile currere 55, 8. 158.
1’11111111111153,8. 153.
voluptatem 11111111111111 86, 1.
111113νῖ11 111 11111181, 88. 18011111.
vomere 111111 (de 111δί611) 58,
vuffiffium amn, 11. 111.
vulga pro tulga 88, 11. 818.

 

