IMR! mucium.

1111111111111131,14. 119.
11111111111111111111164,1. 161.
11111111111111 64, 3. 161.
111111 1111111144, 2. 143.
carnutes 1. 1111111111.
carnuficium. 90. 62, 3. 149.
carneades 81,1 ei 8. 206.
carues coquere iu pulvere mytutec

61, 2. 138,

1111111111114,1. 196.
1111111111,8. 93.
111111113213. 213.
111111111166, 13. 186.

-ῑ 111111 31, 41. 121.
1111111111 11, 1. 21ος
castratum pecus iu Apuiiu 63, 11.
custus ἰ. 1. religiones 31,14. 134.
- (ι’. e. 1111111111) suti 1, 3. 96.
Catamitus 1³. 106.
111111113212. 213.
1111111611 11111111 66, 9. 186.
011116111114,106. Cf. 31,4.
11111111 aureae 11111 63, 16. 164.
1111111181,16. 206.

- 1111163, 9. 1363
1161111611 1111111 30, 1. 203.
cedere 1111111111 1111111111 66, 3.
celer 61 ἑνὸς λήμματος λόγος,

111111111111111 1111111 64, 1. 161.
teitau 11111111 36, 24. 221.
1111141, 4. 141.

- 1111111111 11, 23. 101.
1111111 pru succensere 12, 1. 104.
centussis 11111168, 2. 190.
11111111131,18. 120.
111111,6. 100.

- 111111 62, 10. 160.
1111111111111111111111111 11 16,
11111111161114,14. 196.
cerem 111111 16111.
11111111111131, 22. 120.
91111831. 211.

- 1111111111162,6. 160.
111111111111131, 12. 133.
certus 1111111111 39, 4. 138. 1
111111 611111111111111111111 ult'eut

22, 2.· 109.

1111111311, 2. 133.
1111 proponereattpueu 69, 2. 191.

1111122, 1. 109.
chalcedoni· petemus 63, i. 190.

utu

1111111111 60, 2 143.

citius pectunculus 68, 1. 190.

1111111111 purpurea 40, 2. 141.

111111 11111 sestrice 63, 16. 164.

1111116410. 131.

11116121 pccuiis sedentium 66, 10.

chryse, 111111 8, 9. 31.

01111111111111 14, 14. 196.

1111111111 viuum 66, 16. 162.

11111111 Aristoxenus 63, 10. 116.

11111111111111114,10. 196.
ciuus purissimus 11, 211. 133.
- 1111111111196,4. 233.
1111111111160,1. 148.

- 11111118216. 213.

11111 1111 partum cupitis poeticen
11,16. 101.

cilices 11111 33,1. 190.

1111111111 63, 20. 116.

ennecus ’1111161 Ἀχιλλέως ἡρωϊ-
κοῦ 11111161633. 116.

1111111111 demittere 64, 14. 131.

1111111111 uxoris 111111131,10. 133.

circiter 1111111 1111111163, 16. 164.
1111111111132, 1. 212.
1111111111 111113, 1. 92.

1111111 Libyssa 31, 16. 134.

1111111162, 3.’ 149.

1111111111.

11111 1111111166, 8. 162.

cleophantus 60, 2. 143.

clepere sc 1111111111· 60,1. 113.

111111 64, 4. 161.

11111163,14. 116.

coagulum conviviorum viuum 30, 6.

111111111111111 11, 4. 100.

cuttu 86,1. 220.

11141111 committere uvc 1111111 21,

coenulam 11111111 varicus 21, ³.

. “ coepit prodicere coepit 31, 40. 121.

11111111111114,14. 196.

- cibum 1111111111111 96, 4.
«sufficere venirem 96,1. 234.
111111111111111, aucupum 111111-

111111111111, 4. -100,
-111111111111111111,11. 101.
111111 strumentis domicilia 36, 22.
suffultus, 111111,11111111, 111111-

1111111611, l· 111.

 

