848
uagetur ἐπιγραμμάτιον 88, 15.

diversum 1111181, 45. 181.
divitum 1111111181, 9. 114.
8111 pro 8111111 58,11.151.
doceto 813111111 tolutim (το. 111.) 88,
dellius somnum- 81.
8ο111111118111181118.
111111ῗ511113111111)81,4. 118.
⁶⁰0¹& οιιέτῖ1111, 88, 1. 111. 11
811111131111.188,8. 881.
domum praebere 8, 8. 84.
1ο11111111111 88, 8. 888.
dormire 11 81111, 8. 881.
811111118818. 81811 888, 8.
881111118188, 5. 888.
1111111111 111111111ρ11188. 91.
&mammae 11111111 8,8. 81.
draeo 111111τὶ1111 55,1. 158.
113111131ὲ11111111111111111ωβ8,
8111111111111111 88,15. 881.
seo 1111111 oum 11111158, 4.
1111111 molestia 88, 5. 811.
dulcis aqua 5818158.
118111115818188.
annumerem 1111111111 8,1. 81.
fluxo pro 111111τή58,4. 188.
11118111111111, 8 888.
118111111188, 48. 188.
15111111111114,18. 188.
1111111188. 181.
111111111188, 18. 881.
11111185, 8. 188.

eclipsis 45,1. 145.
ecquando 55,.8 159.
1111111 ο. 1111111111.
euenum, 8. 95. 98,.1 888.
ἐδέσματα 88. 188.
111111181111111 1111. 181.

cuffiam 1111111 puerum 58,1.

, 8111118811. 888.

educere ula'quem 1 morbi 11111511
81, 84. 188.

71811111181111111 84, 5. 818.
111111118818. 188.

ἓριωμιοι 81. 188.

elegam& 11111111 voum 81,

’ mu 88888881.

Ἐἷῖιίτόμβρ mol Θυσιῶν 85.

’8111511188 118.

ἐκτροπη, η 11, 11. 188.
1111111,111111111,111111,11111-
11111111 88,1.111.

onmium 11(11οηοΙο)88,5. 884.
Ἥλιος eorunm extrema 111181
1111111118118.
111111111111111111188,11. 881.
ἑλιοῗτιιὸο numam mm 11, 1.
1811111111 orationis 1111111111 58,
11118111 sonitum 81, 18. 888.
ἑμμονὴ, 1184. 818.

1111158, 1. 189.
811181111181,88.181.
8111111885. 115

ἔνφ Ρ31111181, 1 118.
8111111ο11181118.
1111111518 151.
8111811111188,15. 188.
Ennius 11111. 11, 85. 181. 81, 8.
114. 81,18. 188. 81, 8. 888.
Ennius bicorpores, 14. 118.

- Musarum 1111111111 1118.
ἔνρυθμος 11111 88,15. 188.
ἐποτρχίοιι 88. 188.
1111111118, 1111111811111111
81,18. 888.

ephippia 1111111858 111.
Epicurus 5818. 188. 81,.1 188.
epigrammatis 111111 888. 188.
ἐπιγραμμάτιον δίστιχον 88, 15.
8111111111111, 11ρ1 Τάφιον
1111111181118888. 818.
equam admittere 1111111111.
1111111488 146.

equimentum 88, 88. 818.

equino 88,8. 881.

- 1111111181,84.188.
equinum 1111111 5811154.
1511111181τῦ 18, 1’ 188.
11111111 furens 81, 84. 188.
Ἦρα .Θῖρῇ ,Delphica iuueriptio 81,
1111111ο88. 118.

111ῗέ111 se 11 aliqua re 58, 11.
orvillam 111111 58,1. 148.
1111111,111811188. 84.
1111111118 1111181188, 188.

 

