lum* 7111111111.

188818 18 88118111 ω, 6. m.
·4- 1168818818 886888 118188 95,
1811181188 181818 60, 1. 148.
18818 881188 44,8. 148.
188818 8188188118 8616818681 . 116.
1818888 111618 66, 1. 159.
181818 95, 8. 888.
- 18181· 11,1. 800.
- 88181888 longum 111881 18, 1.
- 881118694191.
18188 11111168 1818 (18. ventorum)
88118853,16.154.
18188 8881881888 1888188814 6 190.
Lex 11881118 48. 146111. cs. 48,
λέξις ἔνρυθμος 66, 15. 186.
116488183ἑ113188818 886888 118188 96,
118818 8818111188 1414. 191.
8888188816156.
181181 80, 5. 111.
1.·16811118118118 60,1. 118.
- 8181118 daps 11, 1. 801.
11118188 1118688818 48, 1. 146.

’ 111181 188 188818 88, 8. 109.

116168 81168 61,1. 118.
111118 noetianorum 589. 154.
15111888 811188 81, 15. 181.
11811188 8181881111 1188 818818 84, 1.
118188 1811818 81,8 181.
11811188 8811888 58, 9. 150.
1118881616.
11888 compen 66, 1. 185.
1188818888 1881688 64,8. 181.
liquentium 8811886818 58 18154.
1188168111880,1. 804.
1166888181 pavimenta 86,16. m.
11118188 88118 86,8. 880.
188818 8161 8181881818 14,14. 186.
Λογομαχία49. 146.
1881818111681 8888 mn
1811811118· 98,.8 888.
1118818,“ η 88. 188 ’
18888888 8881118860, Ι. 111.
1818 881881 888688818 68, 14, 154.
1818866,5.185.
11188 8148818188118181,15.180.
1888188 8111818 8818118818 881 88, 8.
1118181818 11, 9. 191. 48,6. 146.
84, 4. 819.

1881188 881188(18818.)ὓ,6. 818.
1888618118 96, 9. m.
1118118811, 86. 198. 888 811.

188ἓῖ 8411881168,7 1888118 1111181888 81188

86818 18111618 886. 881.
18818 881 1811818851. 111.
1881111 69,6. 191.

1881188 8818118 48,1. 146.
18118(ιι161)18,1. 196.

. 1888181818145,1. 146.

1888861188 84,1. 110.

- 11118118 1111888 69, 1. 188.
1818811818 119.
1118818888 et 888888 1, 8. 95.
1881181 6181111818 58,1. 158.
181818 85,1. 111.
1818881 18111881 56, 9. 168.
1818 81118818 118188 69, 4. 169.
11688 6111888 86,1. 111.
mango 861818 8 188888 1881111111 11.
1111181168 18888 11,]8. 100.
1118 81811118 61111118 68,18. 116.

81888111 11181118 11, 8. 100.
8188811818 1181881188. 91.
1888888818 11188818 80, 6. 864.
8188111888 88181881181811 68, 18. 116.
188881 promocio· 80, 6. 864.
888181818818 1,1. 88.
8888861818188188 6614. 881.
1188118111 ’18188188 51. 148 oq.
81818 88888 48, 9. 146.
8818618818 68, 80. 160.

111818 1811816818 86, 4. 880.

188118 881188 66, 16. 168.
1881118188 188111 8118818 88, 8. 881.
8188688881 1881888 88188188. 100.
1688111868. 149. os. 16. 150.
1811818811,11. 109.

18888888 188818 6111. 116.
1118811881 8188881 89, 4. 188.
888886888888181181814,18. 196.
81811118 8818188141 196'.

, 1181811181 68. 158.

Mmdfffm’ 8881 Ἀρχῆς

[11818188881111.99.18.

1881888 86, 6. 181.· 11, 14. 101.
8818. 118.

1881881118 (femin.) 64, 5. 181.

margaritarum semodius 58, 9. 154.

8181881888 86, 8. 111.

1881111811 111118 81811811 81,85. 801.

 

