116111131,46. 121.

1111111111 aliquid 11, 14. 101.
82,16. 213. 86,1. 220.
1111111131111111131, 8. 133. 82,

111111 11 agro 80, 4. 204.

11111111 1111111 111111 1, 6. 95.

11111 11111 33, 3. 129.

11111111 1111111111 111 1111611111 111111-
811111111163, 12. 116

11111111 1111111131, 6. 133.

111111 82, 8. 213

11111111 54,1. 161.

11111111 11 111111 (11111111) 66,

1110111111 111111 11111 veru 11, 15.

1111111111 111111 1 1111111 86, 21.
1111161111 pro sacrificare 62, 20.
mus pro uagum 95, 8. 234.
111111 11111111 48, 8. 146.
11111189, 2. 229.
81111111111168,1. 189.
sanguen 44, 6. 143.

1111111111 11111111 11111 1111111 69,
11111111111125,3. 111.
1111161 116, 2. 161.
6111111 11111611 ibid.
111111111111163, 12. 116.
111611 11, 21. 193.
81161111111118. 202.
11161111 1111111 40, 2 141.

1111111 1111111194, 1. 233.
111111 11111.

11111111, 11. 196.
1101111111118, 1. 191.
1111111111 111111 1111111 61, 2. 188.
1111111 11111 31, 48. 122.
111111113. 166.

1111111 pro 1111111111 52, 3. 156.
81111111 31, 3. 119.
1111111111111, 16. 161.

11141113111111111 1111111111112,

11111 6111111168, 1. 199.
uentum 30, 3. 111.
1111111111 63, 20. 116.
1111111111 1116111513. 162.
1111111 31, 3. 119.
1111111611 31, 48. 122.
11111111 6111 ibid.

lm! vanum.

Σκιαμαιία, 1111 Timon 83.

11111111 multiplex 2, 6. 91.

111111111111186,3. 221.

scopulus 1111161111 14,1 1116,

111111111116152, 21. 150.

11111111 8,1. 91.

scriptulum 12. 19-1.

scrobis (11111111.) 52, 8. 156.

scalmum 80, 4. 264.

11111 1111111 11111111 11111111 33, 3,

111111111111 11, 9. 102. adn.

scyphunculo 6111111121. 91.

11111111111111114,4. 196.

1111111 11111111 11111111 63, 8.

1111116111 1111115614. 162

securem 66, 2. 185.

1111111 bipennis 11111.

1111111111111111 48, 9. 146.

1111111111111194,1. 233.

semel 111111 singulum 1111 61, 2.
114. 11,11. 193.

111111111111 11, 24. 101.

seminarium 61111 111111111111111111
39, 6. 111.

11111νὶ1131,86. 121.

1111168, 1. 168.

1111116111 margaritarum 63, 8. 154.

, 1111111111111 16, 2. 192.

111111111118219. 213.
111111111111113 91.
seplasiae 11111111 84, 6. 219
septemfluum 1111 1111111111, 11111
11331111111111111154111111111111 64,12
11113111111111 alicujus 66,10. 185.
1111 1111111144, 6. 143.
Σεραπαρήκτη19. 203.
1111111131, 161111. 129.
1111111 tempestas 21, 6. 114.
1111111,14. 101.
1111111111111111 1111111 ibid.
- 111111 longum 111111 13,
1111111ξῖ511, 11. 111.
1111111611111 cum aliquo 59, 4.
1113311111,περὶἊοχαιρεσιῶν
11181211 1331111111. 111.
1111111 1111161111 11111 poem·
16, 2. 106.

 

