344

161116 111116 663 161. 66361
16116616.661661,1616616661,
1666 66661111 63, 13. 160.

- 1661111 1611111611 iiii.
1616161111616161611116161 60, 3.
1111616 absinthium gravem 11, i.
111616 alimmum 66,1. 160.

- Philippeum 61, 3. 114.
11166 66161166 60, 4. 304.

- 1111666 31, 1. 110.

- Veneris 33. 4. 106.
11116111 agitari 31, 43. 131.
1111611611 111166 66, 16. 163.
1111111666 11. 6616.

1116111111 11616166111 53, 3. 163.
- 1661111 66, 3. 136.
1116161161 16161166 11, 6. 301.

11111161111161 63, 16. rui.

meim
11111666 ungulae 13, 3. 166.
1111161 61116111 61, 4. 133.
111116 46, 5. 146.
1116613660, 1. 113.
11616111643,1. 143. urin.

1111111 31, 33. 130.

1661 66116116 6666161, 6. 306.
1666 16166 46, 6. 146.

1661166 111116 6, 3. 61.

16111 66,1. 161.

1611111116 ebibere 66, 4. 166.
16116 pru 666 1, 3. 8⁰.
3111611661 63,1. 113.
16616616616111, 1. wi.
1116611116 61, 1. ’116.

1111165811 63661616 66 1616116 63, 3.

1166116611- (66. tugurium) 66, 16.
111131ἓ 61, 1. 111. cf. 11,11.
affirma uuu- 11, 11. 116.

numm 6116 (111. 61, 1 166.

6616161116 1166111616 63, 4. 331.
661661 1116 11161116 111616 1111-
11166111111611611111,1. 301.
6111616111666·6111 36,1. 116.
06661111 16 argumentis 166611 161-

61166, 14. 166.
06661166 16616, 3. 61.
1616111161, 1. 66. 31,1. 133.

iim! 13160101.

6161111 1111616 1166116 16616 06, 6.
61616116 66111163, 1. 61. ·
6661111111 34,1. 110.
6661616166 6611116 60,16. 164.
- 6116166616161663,16. 161.
- 11166611 63, 16. 164.
61616 16111616611116 3,1. 61.
6661161 1 6161116111 apponatur 64,
6661166111 ministrare 11, 11. 161.
6661116 11611 53, 13. 164
6116166161666111911. 333,
611661 111616 11, 6. 100.

- 1666161681,16. 306.
6616611161 16, 3. 300
611661 muliebres 31, 13. 116.
611666611661661111686,11. 331.
66161116 equus 81, 3, 306.

611116 peribu· 16 irrumpere 10, 3
661616 60, 6. 304.

6611661 cummi 30, l. 111.
611111 1111661111 31, 36. 130.
6166111111 66, 16. 334.

uarix 161161 11, 3. 101.
661636111166 6111161664, 13. 161.
66161666166161,1. 66.
661616 mum mirum 14, 6. 166.
6111161111 66,13. 331.
6111(11616.)64,3. 161.

6111 veritus, ,1111666 memmae

1161611 iiim. 130.
61616111116111,33. 101.
66116166611616161116 3111. 136.
6111161616 1161611116 11611 36, 3.
61611111 116161, 11. 66.
61611166 uuir 54, 3. 161.

- 6116111 166111 36, 3. 136.
616616 uer 6616 31, 31. 131.
61616111 1111111161 66,1. 366.
666111111,3. 66.

6161616 1116661111 63, 13 116.
6111661616111661661611661166.
6616111611 11661611 6111111616 31, l.
616116 6661616 66, 6. 131.

- 116116 6616 31, 34. 131.
661111 61616 ,urium 11611616 11,
0611116116 Proelium, 1111

Ἡδονῆς 13. 104.
cuum 16111611 6,6. 61.
66111111 66,3. 116. 61411. 143.

 

